
-------cifar10
--water_power: 0.2
--cgd_ratio: 0.2
------0.9993998799759952,1.0,0.9965993198639728,0.9961992398479695,0.9991998399679936,0.9971994398879775,0.9985997199439888,0.9995999199839968,1.0,0.9993998799759952,0.8108108108108109,0.8778778778778779,0.6856856856856857,0.5845845845845846,0.7507507507507507,0.6676676676676677,0.8548548548548549,0.8148148148148148,0.8638638638638638,0.8398398398398398,0.998999799959992,0.9995999199839968,0.9957991598319664,0.99499899979996,0.996999399879976,0.9955991198239648,0.9595919183836767,0.9997999599919984,0.9987997599519904,0.9973994798959792,0.7927927927927928,0.8768768768768769,0.6776776776776777,0.6426426426426426,0.7387387387387387,0.6696696696696697,0.7347347347347347,0.8308308308308309,0.8568568568568569,0.8388388388388388,0.9997999599919984,1.0,0.9915983196639327,0.991998399679936,0.9985997199439888,0.9973994798959792,0.9983996799359872,0.9991998399679936,0.9993998799759952,0.9993998799759952,0.8268268268268268,0.8698698698698699,0.6166166166166166,0.5735735735735735,0.7217217217217218,0.6846846846846847,0.8358358358358359,0.8188188188188188,0.8568568568568569,0.8378378378378378,0.9977995599119824,1.0,0.9953990798159632,0.9925985197039408,0.9981996399279855,0.9947989597919584,0.9987997599519904,0.998999799959992,1.0,0.9981996399279855,0.8088088088088088,0.8648648648648649,0.6546546546546547,0.5705705705705706,0.7487487487487487,0.6786786786786787,0.8498498498498499,0.8168168168168168,0.8858858858858859,0.8368368368368369,
-------cifar10
--water_power: 0.2
--cgd_ratio: 0.2
------
-------cifar10
--water_power: 0.2
--cgd_ratio: 0.2
------
-------cifar10
--water_power: 0.2
--cgd_ratio: 0.2
------
-------cifar10
--water_power: 0.2
--cgd_ratio: 0.2
------0.998999799959992,0.9997999599919984,0.9953990798159632,0.9827965593118624,0.9995999199839968,0.9983996799359872,0.9991998399679936,0.9965993198639728,0.9995999199839968,0.9993998799759952,0.8148148148148148,0.8698698698698699,0.6796796796796797,0.4984984984984985,0.7807807807807807,0.7077077077077077,0.8228228228228228,0.7717717717717718,0.8808808808808809,0.8488488488488488,
-------cifar10
--water_power: 0.2
--cgd_ratio: 0.2
------0.9977995599119824,1.0,0.9953990798159632,0.9925985197039408,0.9981996399279855,0.9947989597919584,0.9987997599519904,0.998999799959992,1.0,0.9981996399279855,0.8088088088088088,0.8648648648648649,0.6546546546546547,0.5705705705705706,0.7487487487487487,0.6786786786786787,0.8498498498498499,0.8168168168168168,0.8858858858858859,0.8368368368368369,
-------cifar10
--water_power: 0.2
--cgd_ratio: 0.2
------0.9977995599119824,1.0,0.9953990798159632,0.9925985197039408,0.9981996399279855,0.9947989597919584,0.9987997599519904,0.998999799959992,1.0,0.9981996399279855,0.8088088088088088,0.8648648648648649,0.6546546546546547,0.5705705705705706,0.7487487487487487,0.6786786786786787,0.8498498498498499,0.8168168168168168,0.8858858858858859,0.8368368368368369,
-------cifar10
--water_power: 0.2
--cgd_ratio: 0.2
------0.9977995599119824,1.0,0.9953990798159632,0.9925985197039408,0.9981996399279855,0.9947989597919584,0.9987997599519904,0.998999799959992,1.0,0.9981996399279855,0.8088088088088088,0.8648648648648649,0.6546546546546547,0.5705705705705706,0.7487487487487487,0.6786786786786787,0.8498498498498499,0.8168168168168168,0.8858858858858859,0.8368368368368369,